1921		
grid_id	subbasin	rgrid_len
564	1	197.78200000000
565	1	199.70600000000
701	1	203.13700000000
702	1	42.42640000000
820	9	7.07105000000
821	9	144.85300000000
838	1	123.64000000000
838	57	151.92400000000
957	9	100.71100000000
958	9	259.70600000000
974	57	40.35530000000
975	57	277.63500000000
976	57	102.78200000000
1094	9	28.28430000000
1095	9	287.99000000000
1096	9	14.14210000000
1098	17	153.64000000000
1112	57	215.20800000000
1113	57	114.85300000000
1232	9	257.99000000000
1234	17	245.56300000000
1249	57	173.13700000000
1250	57	245.56300000000
1251	57	102.07100000000
1368	9	60.35530000000
1369	9	217.27900000000
1371	49	35.35530000000
1371	25	55.00000000000
1371	17	282.63500000000
1372	25	119.85300000000
1387	57	267.27900000000
1505	9	224.85300000000
1508	49	281.77700000000
1523	57	68.63960000000
1524	57	253.49200000000
1641	9	138.64000000000
1642	9	100.71100000000
1644	49	212.42600000000
1660	57	124.49700000000
1661	57	112.78200000000
1778	9	227.63500000000
1779	9	92.42640000000
1780	49	247.63500000000
1797	57	247.63500000000
1915	9	231.06600000000
1916	49	220.71100000000
1924	33	152.27900000000
1925	33	218.64000000000
1926	33	66.21320000000
1933	57	42.42640000000
1934	57	251.77700000000
1937	41	75.00000000000
2051	9	173.49200000000
2052	49	166.06600000000
2052	9	77.42640000000
2052	65	89.85280000000
2062	33	226.92400000000
2063	33	245.56300000000
2064	33	214.49700000000
2065	33	184.49700000000
2070	57	78.63960000000
2071	57	158.64000000000
2073	41	224.85300000000
2188	65	124.85300000000
2189	65	195.20800000000
2201	33	42.42640000000
2202	33	257.99000000000
2203	33	42.42640000000
2207	57	235.20800000000
2209	41	118.64000000000
2210	41	106.21300000000
2211	2	137.78200000000
2325	65	128.99500000000
2326	65	141.42100000000
2339	33	221.77700000000
2340	33	121.06600000000
2343	57	226.92400000000
2345	133	42.42640000000
2346	133	93.63960000000
2346	41	107.42600000000
2346	2	194.35000000000
2356	18	98.99490000000
2357	18	7.07108000000
2365	10	196.06600000000
2453	26	7.07106000000
2462	65	171.42100000000
2463	65	84.49750000000
2476	33	143.13700000000
2477	33	245.56300000000
2478	33	98.99500000000
2479	57	212.42600000000
2482	133	243.49200000000
2491	18	94.85280000000
2492	18	203.49200000000
2500	10	204.49700000000
2501	10	14.14220000000
2589	26	257.99000000000
2590	26	42.42640000000
2599	65	237.27900000000
2614	33	152.78200000000
2615	139	169.85300000000
2615	57	67.42640000000
2615	33	159.85300000000
2618	133	219.35000000000
2619	133	28.28430000000
2627	18	212.42600000000
2635	34	55.00000000000
2635	10	142.42600000000
2636	10	214.85300000000
2726	26	190.71100000000
2727	26	242.13200000000
2735	65	224.85300000000
2751	139	248.64000000000
2754	133	74.14210000000
2755	133	152.78200000000
2763	18	200.00000000000
2771	103	207.42600000000
2771	34	35.00000000000
2771	10	47.42640000000
2863	26	26.21320000000
2864	26	277.63500000000
2865	26	86.56860000000
2871	65	151.06600000000
2872	65	201.06600000000
2887	139	58.28430000000
2888	139	247.27900000000
2890	133	72.07110000000
2891	133	140.35500000000
2899	18	52.07110000000
2900	18	257.63500000000
2907	103	212.42600000000
2909	42	7.07106000000
3001	26	201.42100000000
3002	26	231.06600000000
3003	26	132.78200000000
3008	65	224.85300000000
3024	139	203.13700000000
3025	139	32.07110000000
3026	133	122.07100000000
3027	133	90.35540000000
3036	18	132.78200000000
3037	18	104.49700000000
3043	103	212.42600000000
3044	42	242.13200000000
3045	42	28.28430000000
3139	26	104.49700000000
3140	26	249.70600000000
3141	26	212.42600000000
3142	26	196.21300000000
3143	26	36.21320000000
3144	65	84.49750000000
3144	121	149.85300000000
3144	85	45.00000000000
3144	26	87.42640000000
3145	145	136.06600000000
3145	65	35.35540000000
3145	121	25.00000000000
3161	139	243.49200000000
3163	133	231.06600000000
3164	50	126.21300000000
3165	50	93.63960000000
3173	18	224.85300000000
3179	109	63.63960000000
3179	103	179.85300000000
3179	42	159.85300000000
3180	42	124.49700000000
3278	26	14.14210000000
3279	26	178.28400000000
3280	85	269.35000000000
3281	145	141.42100000000
3282	145	128.99500000000
3284	58	97.07110000000
3297	139	231.06600000000
3298	133	128.99500000000
3299	133	114.49800000000
3300	50	224.85300000000
3309	18	237.27900000000
3315	109	243.49200000000
3415	85	263.49200000000
3416	85	14.14220000000
3418	145	243.84800000000
3419	145	14.14210000000
3420	58	203.49200000000
3421	58	44.14220000000
3433	139	191.06600000000
3434	139	46.21320000000
3434	133	96.92390000000
3435	133	182.78200000000
3436	50	212.42600000000
3445	18	46.21320000000
3446	18	178.64000000000
3451	109	237.27900000000
3454	66	227.78200000000
3551	85	218.64000000000
3555	145	216.92400000000
3556	145	260.06100000000
3556	58	40.35530000000
3557	157	45.00000000000
3557	151	90.00000000000
3557	145	79.49750000000
3557	79	21.21320000000
3557	58	181.92400000000
3558	157	36.21320000000
3563	73	238.49200000000
3570	139	254.20300000000
3571	163	129.85300000000
3571	139	65.35540000000
3571	133	125.00000000000
3572	50	212.42600000000
3582	18	243.49200000000
3587	115	202.27900000000
3587	109	65.00000000000
3587	66	93.63960000000
3588	66	220.71100000000
3589	66	235.20800000000
3590	66	12.07110000000
3687	85	220.71100000000
3692	79	114.85300000000
3693	79	220.71100000000
3694	157	188.64000000000
3695	157	235.20800000000
3696	157	171.42100000000
3699	73	211.06600000000
3700	73	94.49750000000
3707	163	82.42640000000
3708	169	15.00000000000
3708	163	252.27900000000
3708	50	189.85300000000
3709	169	124.49700000000
3718	18	190.71100000000
3719	18	42.42640000000
3722	115	247.27900000000
3723	115	20.00000000000
3823	85	107.78200000000
3828	79	65.35530000000
3832	157	128.99500000000
3833	157	243.49200000000
3834	157	222.78200000000
3835	157	236.92400000000
3836	73	233.13700000000
3838	181	195.20800000000
3839	181	244.49700000000
3840	181	235.20800000000
3841	181	277.27900000000
3845	169	77.78180000000
3845	175	47.42640000000
3846	175	222.78200000000
3847	175	84.85280000000
3855	18	247.63500000000
3857	115	185.20800000000
3858	115	200.00000000000
3971	157	128.64000000000
3972	181	4.99999000000
3972	157	238.49200000000
3972	73	109.49700000000
3973	181	210.35500000000
3974	181	86.56860000000
3977	181	98.63960000000
3978	181	217.27900000000
3979	181	42.42640000000
3983	175	214.49700000000
3991	115	25.00000000000
3991	18	137.42600000000
3991	127	106.06600000000
3992	115	231.06600000000
3993	115	70.71070000000
4114	181	88.28430000000
4115	181	227.99000000000
4116	181	49.49750000000
4116	187	47.42640000000
4119	175	226.92400000000
4127	127	250.71100000000
4252	187	247.63500000000
4255	175	56.56850000000
4256	175	305.56400000000
4257	175	70.71070000000
4263	127	233.13700000000
4272	91	152.42600000000
4273	91	119.85300000000
4388	187	196.92400000000
4389	187	279.70600000000
4390	187	46.21320000000
4392	175	104.14200000000
4393	175	135.20800000000
4399	127	127.27900000000
4400	127	124.49700000000
4408	91	212.42600000000
4512	97	189.85300000000
4513	97	249.70600000000
4526	187	243.84800000000
4527	187	56.56860000000
4528	175	42.07100000000
4529	175	212.78200000000
4536	127	226.92400000000
4544	91	224.85300000000
4649	97	74.49750000000
4650	97	185.56400000000
4663	187	237.63500000000
4664	187	92.78180000000
4664	175	235.20800000000
4672	127	110.35500000000
4673	127	327.63500000000
4680	91	222.78200000000
4786	97	114.85300000000
4787	97	239.35000000000
4788	97	138.64000000000
4800	170	77.42640000000
4800	187	151.92400000000
4800	175	97.07110000000
4801	170	76.21320000000
4809	127	293.13700000000
4815	91	100.71100000000
4816	91	169.70600000000
4821	3	208.49200000000
4907	11	234.70600000000
4924	97	143.13700000000
4925	97	187.27900000000
4927	140	72.07110000000
4928	140	32.07110000000
4929	146	22.07110000000
4930	146	22.07110000000
4931	146	32.07110000000
4932	146	212.42600000000
4933	146	94.49750000000
4934	146	14.14210000000
4937	170	231.06600000000
4945	127	72.42640000000
4946	127	160.71100000000
4951	91	243.49200000000
4956	3	203.13700000000
4957	3	42.42640000000
5043	11	60.35530000000
5044	11	176.92400000000
5046	19	167.78200000000
5061	97	70.71070000000
5062	97	202.07100000000
5062	27	146.56900000000
5063	140	137.78200000000
5063	97	15.00000000000
5063	27	21.21320000000
5064	146	25.00000000000
5064	140	155.35500000000
5064	35	259.85300000000
5065	146	215.20800000000
5066	146	190.35500000000
5067	146	180.35500000000
5069	146	130.35500000000
5070	146	208.64000000000
5071	146	239.35000000000
5072	146	124.85300000000
5073	170	247.63500000000
5081	127	157.27900000000
5082	127	100.71100000000
5087	91	224.85300000000
5092	3	222.78200000000
5180	11	231.06600000000
5182	19	251.77700000000
5197	27	157.42600000000
5198	27	186.92400000000
5199	35	97.07110000000
5200	35	112.78200000000
5208	146	214.85300000000
5209	176	63.63960000000
5209	170	169.49700000000
5209	146	157.42600000000
5217	127	214.49700000000
5223	91	212.42600000000
5228	3	218.64000000000
5316	11	84.85280000000
5317	11	255.91900000000
5318	19	50.35530000000
5318	11	30.00000000000
5319	19	176.56900000000
5345	176	14.14210000000
5346	182	45.00000000000
5346	176	249.20300000000
5347	182	22.07110000000
5353	127	106.92400000000
5354	127	247.63500000000
5355	127	12.07110000000
5359	91	224.85300000000
5364	3	218.64000000000
5454	11	237.27900000000
5455	19	233.13700000000
5458	43	180.20800000000
5483	182	215.20800000000
5484	182	212.42600000000
5485	182	185.20800000000
5491	127	248.99500000000
5492	127	171.42100000000
5495	91	247.63500000000
5500	3	212.42600000000
5590	116	15.00000000000
5590	19	185.35500000000
5590	11	209.85300000000
5591	19	14.14220000000
5593	43	14.14210000000
5594	43	206.56900000000
5621	182	70.71070000000
5622	182	243.49200000000
5623	182	222.78200000000
5624	182	203.13700000000
5628	127	86.56850000000
5629	127	231.42100000000
5631	91	269.35000000000
5636	3	237.27900000000
5726	116	110.35500000000
5727	116	251.77700000000
5728	116	64.49750000000
5729	43	128.99500000000
5730	43	128.99500000000
5760	182	42.42640000000
5761	182	285.91900000000
5765	127	76.21320000000
5766	127	229.35000000000
5767	91	251.77700000000
5770	3	158.99500000000
5771	3	222.78200000000
5772	3	62.42640000000
5777	51	42.42640000000
5778	51	97.07110000000
5780	59	37.07110000000
5864	116	185.20800000000
5865	116	169.85300000000
5865	43	180.20800000000
5865	122	67.42640000000
5866	122	40.35530000000
5897	182	72.42640000000
5898	182	235.20800000000
5899	182	62.07110000000
5902	152	67.42640000000
5902	127	167.78200000000
5902	91	63.63960000000
5903	91	171.42100000000
5904	3	70.71070000000
5905	3	287.99000000000
5906	3	116.56900000000
5913	51	222.78200000000
5916	59	240.35500000000
6002	122	184.49700000000
6003	122	249.70600000000
6004	122	76.21320000000
6035	182	255.91900000000
6038	152	224.85300000000
6040	3	239.35000000000
6049	51	224.85300000000
6051	59	88.28420000000
6052	59	257.63500000000
6140	122	233.49200000000
6141	122	186.92400000000
6157	67	58.28430000000
6158	67	199.70600000000
6159	67	134.14200000000
6171	182	84.85280000000
6172	182	158.64000000000
6174	152	96.21320000000
6175	152	155.56400000000
6175	3	84.49750000000
6176	3	225.20800000000
6185	51	50.35530000000
6186	59	128.64000000000
6186	51	186.92400000000
6187	59	187.27900000000
6277	122	146.56900000000
6278	122	98.99500000000
6292	67	177.42600000000
6293	67	191.42100000000
6294	67	60.35540000000
6295	67	86.56850000000
6296	67	231.06600000000
6297	67	164.85300000000
6302	67	104.49700000000
6303	67	100.71100000000
6305	67	155.20800000000
6306	67	60.35530000000
6308	182	222.78200000000
6311	158	206.77700000000
6311	152	35.35530000000
6311	3	25.00000000000
6312	158	28.28430000000
6322	110	169.85300000000
6322	59	67.42640000000
6322	51	67.42640000000
6414	122	245.56300000000
6420	74	117.42600000000
6433	67	114.85300000000
6434	67	218.64000000000
6435	67	255.91900000000
6436	67	200.00000000000
6437	67	237.27900000000
6438	67	152.42600000000
6439	67	159.35000000000
6440	67	237.27900000000
6441	67	124.49700000000
6442	67	162.42600000000
6443	67	287.99000000000
6444	182	132.07100000000
6444	67	98.63960000000
6445	182	265.20800000000
6445	67	212.42600000000
6446	188	93.63960000000
6446	182	7.07108000000
6446	67	5.00001000000
6448	158	251.77700000000
6457	110	182.78200000000
6458	110	114.49700000000
6550	122	26.21320000000
6551	122	314.55800000000
6556	74	212.42600000000
6580	67	144.85300000000
6582	188	199.70600000000
6583	188	58.28430000000
6583	158	96.92390000000
6584	158	165.20800000000
6592	110	176.56900000000
6593	110	122.78200000000
6687	122	50.00000000000
6688	122	245.20800000000
6692	74	237.27900000000
6718	134	135.20800000000
6719	193	30.00000000000
6719	188	120.20800000000
6719	158	97.42640000000
6719	134	105.00000000000
6719	198	109.85300000000
6728	110	287.99000000000
6824	122	257.99000000000
6828	74	204.49700000000
6829	74	80.35540000000
6853	134	237.63500000000
6854	134	128.99500000000
6855	198	52.42640000000
6856	198	249.70600000000
6857	198	56.21320000000
6864	110	220.71100000000
6948	86	119.85300000000
6954	80	179.85300000000
6960	122	144.85300000000
6961	122	173.13700000000
6964	74	132.07100000000
6965	74	80.35540000000
6986	98	84.85280000000
6987	134	21.21320000000
6987	4	35.00000000000
6987	98	199.49700000000
6988	134	245.56300000000
6989	134	50.35540000000
6993	198	243.49200000000
7000	110	111.21300000000
7000	92	77.42640000000
7000	128	132.27900000000
7001	92	212.42600000000
7002	92	224.85300000000
7003	92	129.85300000000
7084	86	173.49200000000
7085	86	88.63960000000
7086	86	249.70600000000
7087	86	212.42600000000
7088	86	226.92400000000
7089	86	70.71070000000
7090	80	191.06600000000
7091	80	56.56860000000
7097	122	114.85300000000
7098	122	203.13700000000
7100	74	32.07110000000
7101	74	205.20800000000
7118	98	239.85300000000
7119	98	235.20800000000
7120	98	214.49700000000
7121	98	224.85300000000
7122	98	162.78200000000
7123	4	290.06100000000
7128	198	291.42100000000
7129	198	46.21330000000
7136	128	134.49700000000
7137	128	150.35500000000
7221	86	174.49700000000
7222	86	40.35540000000
7225	86	187.27900000000
7226	86	226.92400000000
7227	86	45.00000000000
7227	80	37.07110000000
7227	164	167.42600000000
7228	164	210.35500000000
7229	164	233.13700000000
7230	164	212.13200000000
7234	122	174.85300000000
7235	122	58.28430000000
7236	74	154.49700000000
7237	74	70.35540000000
7259	4	79.49750000000
7264	198	257.99000000000
7272	128	203.13700000000
7273	128	70.35540000000
7281	104	226.06600000000
7366	164	70.71070000000
7367	164	265.20800000000
7368	164	249.70600000000
7369	164	214.49700000000
7370	164	220.71100000000
7371	164	44.14210000000
7371	122	233.13700000000
7372	74	237.27900000000
7400	198	218.64000000000
7407	128	111.06600000000
7408	128	157.27900000000
7417	104	245.56300000000
7507	203	105.00000000000
7507	164	95.35530000000
7507	122	35.35530000000
7508	207	77.78170000000
7508	203	147.42600000000
7508	74	169.85300000000
7513	12	210.20800000000
7534	20	152.78200000000
7535	20	237.27900000000
7536	199	35.35530000000
7536	198	115.00000000000
7536	20	199.85300000000
7537	199	192.42600000000
7543	128	249.70600000000
7553	104	222.78200000000
7644	207	128.99500000000
7645	207	250.06100000000
7649	12	239.35000000000
7653	28	14.14210000000
7654	28	188.13700000000
7669	20	125.35500000000
7670	20	86.56860000000
7673	199	52.07110000000
7674	199	200.00000000000
7675	199	247.63500000000
7676	199	94.49750000000
7679	128	237.27900000000
7688	104	127.27900000000
7689	104	171.06600000000
7781	207	50.35530000000
7781	36	176.92400000000
7782	211	176.77700000000
7782	207	49.49750000000
7782	36	35.00000000000
7785	12	66.21320000000
7786	12	158.64000000000
7789	28	188.99500000000
7790	28	50.35540000000
7812	199	262.13200000000
7815	128	78.63960000000
7816	128	176.21300000000
7823	104	144.85300000000
7824	104	185.56400000000
7916	36	157.07100000000
7917	36	215.56400000000
7918	211	56.56850000000
7919	211	245.56300000000
7920	211	70.71070000000
7922	12	222.78200000000
7925	28	210.35500000000
7948	199	76.21320000000
7949	199	171.42100000000
7951	128	106.21300000000
7952	128	118.64000000000
7958	104	217.27900000000
7959	104	132.78200000000
8056	211	187.27900000000
8057	211	256.92400000000
8058	211	36.21320000000
8058	12	202.07100000000
8061	28	279.70600000000
8085	199	128.99500000000
8086	199	177.63500000000
8087	128	134.85300000000
8088	128	102.42600000000
8093	104	72.42640000000
8094	104	231.06600000000
8100	44	63.63960000000
8178	60	119.85300000000
8194	223	181.92400000000
8194	211	21.21320000000
8194	12	15.00000000000
8195	223	245.56300000000
8196	223	12.07110000000
8196	28	26.21320000000
8197	28	253.49200000000
8208	52	149.85300000000
8218	68	146.56900000000
8219	68	233.13700000000
8220	68	214.49700000000
8221	68	224.85300000000
8222	199	135.20800000000
8222	68	134.49700000000
8223	215	37.07110000000
8223	199	79.49750000000
8223	128	214.70600000000
8229	104	275.56400000000
8236	44	261.06600000000
8314	60	222.78200000000
8332	227	35.35530000000
8332	223	242.27900000000
8332	28	199.85300000000
8344	52	224.85300000000
8353	68	117.42600000000
8354	68	165.20800000000
8358	68	113.13700000000
8359	219	67.42640000000
8359	215	167.78200000000
8359	68	121.92400000000
8364	104	185.56300000000
8365	104	72.42640000000
8371	44	106.21300000000
8372	44	118.64000000000
8446	81	65.35530000000
8447	81	245.56300000000
8448	81	72.42640000000
8450	60	130.71100000000
8451	60	102.42600000000
8468	234	15.00000000000
8468	227	169.49700000000
8468	93	153.64000000000
8469	234	108.64000000000
8480	52	141.06600000000
8481	52	114.85300000000
8495	219	141.06600000000
8496	219	108.64000000000
8500	104	217.27900000000
8501	104	28.28430000000
8507	44	26.21320000000
8508	44	229.70600000000
8510	75	144.85300000000
8511	75	141.21300000000
8584	81	197.99000000000
8585	81	102.42600000000
8586	81	14.14210000000
8587	60	233.13700000000
8588	60	130.35500000000
8592	99	5.00000000000
8603	93	67.42640000000
8604	93	68.63960000000
8605	234	143.13700000000
8606	234	199.70600000000
8609	87	259.70600000000
8610	87	7.07108000000
8617	52	227.99000000000
8618	52	100.35500000000
8632	219	251.77700000000
8636	104	208.28400000000
8644	75	4.99999000000
8644	44	153.64000000000
8644	159	151.92400000000
8645	75	235.20800000000
8646	75	88.28430000000
8721	81	173.13700000000
8722	81	206.56900000000
8723	81	291.42100000000
8724	60	200.00000000000
8728	99	222.78200000000
8742	234	70.71070000000
8743	234	217.27900000000
8743	87	70.00000000000
8744	87	264.20300000000
8745	87	28.28430000000
8754	52	177.27900000000
8755	52	144.85300000000
8768	219	127.27900000000
8769	219	162.78200000000
8771	104	82.78170000000
8772	104	277.63500000000
8779	159	152.78200000000
8780	159	152.78200000000
8859	81	44.14210000000
8860	165	166.06600000000
8860	81	77.78180000000
8860	60	65.00000000000
8864	99	214.49700000000
8879	234	49.49750000000
8879	87	35.00000000000
8879	236	153.64000000000
8880	236	42.42640000000
8891	52	212.42600000000
8905	219	237.27900000000
8907	104	251.77700000000
8914	159	14.14210000000
8915	159	261.42100000000
8996	165	98.99490000000
8997	171	75.00000000000
8997	165	151.92400000000
8997	153	91.92390000000
8998	171	224.85300000000
8999	171	210.35500000000
9000	171	269.35000000000
9000	99	151.06600000000
9001	183	137.42600000000
9001	171	45.00000000000
9001	99	63.63960000000
9016	236	218.64000000000
9027	52	226.92400000000
9041	219	237.27900000000
9042	104	185.56300000000
9043	104	96.21320000000
9050	159	243.49200000000
9056	105	91.92390000000
9132	153	90.35530000000
9133	153	144.85300000000
9137	183	102.42600000000
9138	183	247.63500000000
9152	236	200.00000000000
9163	52	14.14210000000
9164	52	256.27400000000
9173	111	77.42640000000
9174	111	222.78200000000
9175	111	250.71100000000
9176	111	233.13700000000
9177	232	35.35530000000
9177	230	42.42640000000
9177	219	55.00000000000
9177	104	55.00000000000
9177	111	167.78200000000
9178	232	132.42600000000
9178	104	82.78180000000
9185	159	130.71100000000
9186	159	265.20800000000
9191	105	116.92400000000
9192	105	173.13700000000
9266	129	114.85300000000
9266	117	123.64000000000
9267	153	197.42600000000
9267	129	57.42640000000
9267	117	51.21320000000
9268	153	192.42600000000
9275	183	233.13700000000
9276	183	243.49200000000
9277	183	237.27900000000
9278	183	68.63960000000
9288	236	231.06600000000
9300	52	233.13700000000
9314	232	245.56300000000
9320	159	162.42600000000
9321	159	168.64000000000
9322	159	114.85300000000
9325	105	76.21320000000
9326	105	146.21300000000
9327	105	268.34500000000
9401	129	100.35500000000
9402	129	196.92400000000
9413	13	62.07110000000
9414	13	137.42600000000
9414	183	196.06600000000
9414	189	87.42640000000
9415	189	22.07110000000
9424	236	190.71100000000
9425	236	40.35540000000
9433	123	35.00000000000
9434	123	200.00000000000
9435	123	144.49700000000
9435	52	215.56300000000
9436	52	42.42640000000
9450	232	42.42640000000
9451	232	233.13700000000
9457	159	224.85300000000
9460	105	98.99490000000
9461	105	183.84800000000
9462	105	66.21320000000
9463	105	36.21320000000
9537	129	55.00000000000
9547	13	122.78200000000
9548	13	226.92400000000
9549	13	233.13700000000
9551	189	227.63500000000
9552	189	224.85300000000
9553	189	215.20800000000
9558	135	162.63500000000
9561	236	224.85300000000
9571	123	77.78180000000
9571	52	65.35530000000
9571	177	51.21320000000
9572	177	128.99500000000
9587	232	217.27900000000
9588	232	28.28430000000
9593	159	212.42600000000
9596	105	235.20800000000
9605	141	97.42640000000
9682	13	158.99500000000
9683	13	158.99500000000
9689	189	28.28430000000
9690	189	275.56400000000
9691	189	222.78200000000
9692	189	261.06600000000
9693	189	242.13200000000
9694	200	221.06600000000
9694	135	114.85300000000
9695	200	35.00000000000
9695	135	49.49750000000
9695	194	106.06600000000
9697	236	224.85300000000
9708	177	245.56300000000
9709	147	116.56900000000
9710	147	49.49750000000
9722	5	166.06600000000
9723	5	257.99000000000
9724	232	109.49700000000
9724	5	77.78180000000
9724	238	148.49200000000
9729	159	261.06600000000
9731	105	144.85300000000
9732	105	98.63960000000
9741	141	224.85300000000
9816	13	15.00000000000
9817	13	267.27900000000
9818	13	106.21300000000
9829	200	37.07110000000
9829	189	21.21320000000
9829	29	314.35000000000
9830	200	14.14220000000
9831	194	257.99000000000
9833	236	226.92400000000
9844	177	28.28430000000
9845	178	155.00000000000
9845	177	35.35540000000
9845	147	93.63960000000
9860	238	56.56850000000
9861	238	251.77700000000
9862	238	124.49700000000
9863	238	144.85300000000
9864	238	239.35000000000
9865	216	109.49700000000
9865	238	105.00000000000
9865	159	63.63960000000
9866	220	5.00000000000
9866	216	162.63500000000
9866	105	169.85300000000
9867	105	171.06600000000
9877	141	22.07110000000
9878	141	204.85300000000
9958	29	14.14210000000
9959	29	218.64000000000
9960	29	210.35500000000
9961	29	72.42640000000
9963	29	92.42640000000
9964	29	261.06600000000
9965	29	56.56860000000
9967	194	14.14210000000
9968	194	221.06600000000
9969	236	270.41600000000
9981	178	224.85300000000
9998	238	100.35500000000
9999	238	90.35540000000
10002	220	175.20800000000
10003	220	72.42640000000
10014	141	227.99000000000
10015	141	42.42640000000
10016	21	25.00000000000
10094	29	199.49700000000
10097	29	154.49700000000
10098	29	226.92400000000
10099	29	160.35500000000
10104	212	93.63960000000
10104	236	151.92400000000
10104	194	137.42600000000
10105	236	42.42640000000
10117	178	174.85300000000
10118	178	153.49200000000
10139	228	51.21320000000
10139	220	181.92400000000
10151	141	287.99000000000
10152	21	255.91900000000
10240	212	86.21320000000
10241	212	219.35000000000
10254	178	187.27900000000
10255	178	68.63960000000
10275	228	231.06600000000
10288	184	199.49700000000
10288	141	178.49200000000
10288	21	93.63960000000
10377	212	160.71100000000
10378	212	92.07110000000
10391	178	247.63500000000
10411	228	224.85300000000
10425	184	270.41600000000
10514	212	231.06600000000
10520	37	232.27900000000
10521	37	251.77700000000
10522	37	14.14210000000
10527	178	56.56850000000
10528	178	260.06100000000
10529	178	213.49200000000
10546	228	56.56850000000
10547	228	254.20300000000
10551	53	248.64000000000
10552	53	182.27900000000
10561	184	239.35000000000
10564	45	80.35530000000
10565	45	7.07108000000
10641	76	70.71070000000
10642	76	220.71100000000
10643	76	141.42100000000
10645	76	42.07110000000
10646	76	122.07100000000
10648	160	218.99500000000
10649	160	235.20800000000
10650	224	136.06600000000
10650	212	51.21320000000
10650	160	119.85300000000
10651	224	113.13700000000
10657	37	14.14210000000
10658	37	243.84800000000
10665	178	42.42640000000
10666	178	245.56300000000
10682	228	86.56850000000
10683	228	231.42100000000
10685	53	114.85300000000
10686	53	257.99000000000
10687	53	42.42640000000
10697	184	80.35530000000
10698	184	174.49700000000
10700	45	212.42600000000
10775	76	187.27900000000
10776	76	222.78200000000
10777	76	172.78200000000
10779	76	128.99500000000
10780	76	239.35000000000
10781	76	182.78200000000
10782	76	100.71100000000
10783	160	178.49200000000
10783	88	95.35530000000
10783	76	91.92390000000
10784	160	14.14220000000
10787	224	169.70600000000
10788	224	235.20800000000
10789	224	243.49200000000
10790	224	98.99500000000
10790	69	77.78170000000
10794	37	233.13700000000
10795	37	173.13700000000
10797	237	162.78200000000
10798	237	142.78200000000
10802	178	235.20800000000
10812	61	180.20800000000
10817	228	187.27900000000
10818	228	173.13700000000
10821	53	300.41600000000
10833	184	100.71100000000
10834	184	134.49700000000
10836	45	210.35500000000
10910	76	21.21320000000
10911	76	70.71070000000
10917	88	275.56300000000
10918	88	222.78200000000
10919	88	42.07110000000
10926	231	121.92400000000
10926	224	91.92390000000
10926	69	67.07110000000
10927	231	56.56860000000
10930	37	122.07100000000
10931	231	72.42640000000
10931	37	112.78200000000
10932	237	35.00000000000
10932	231	274.70600000000
10932	37	183.64000000000
10933	237	62.07110000000
10934	237	113.13700000000
10935	237	157.27900000000
10938	178	224.85300000000
10948	61	127.27900000000
10949	61	227.99000000000
10953	228	233.13700000000
10956	53	281.77700000000
10969	184	226.92400000000
10972	45	214.49700000000
11052	88	285.91900000000
11063	231	201.42100000000
11064	231	169.35000000000
11067	231	62.42640000000
11068	231	192.42600000000
11071	237	270.41600000000
11074	178	269.35000000000
11085	61	114.85300000000
11086	61	160.71100000000
11088	228	317.99000000000
11091	53	128.64000000000
11092	53	108.64000000000
11105	184	267.27900000000
11108	45	212.42600000000
11185	88	195.20800000000
11186	88	200.00000000000
11187	88	212.42600000000
11188	88	72.42640000000
11200	231	118.64000000000
11201	231	231.06600000000
11202	231	249.70600000000
11203	231	229.70600000000
11208	237	277.63500000000
11209	237	237.27900000000
11210	239	67.42640000000
11210	237	57.42640000000
11210	178	155.35500000000
11222	61	157.27900000000
11223	233	55.00000000000
11223	228	222.63500000000
11223	61	77.78180000000
11227	53	237.27900000000
11241	184	122.42600000000
11242	184	172.78200000000
11244	45	222.78200000000
11247	148	150.35500000000
11248	148	218.64000000000
11249	148	231.06600000000
11250	148	25.00000000000
11250	112	107.78200000000
11250	82	144.85300000000
11320	88	77.78170000000
11321	88	158.99500000000
11346	239	237.27900000000
11357	94	15.00000000000
11358	94	200.00000000000
11359	233	267.27900000000
11359	94	46.21320000000
11363	53	200.00000000000
11373	100	15.00000000000
11378	184	226.92400000000
11378	154	36.21320000000
11379	154	255.91900000000
11380	154	199.85300000000
11380	148	25.00000000000
11380	45	37.07110000000
11381	148	237.27900000000
11382	148	224.85300000000
11383	148	62.07110000000
11386	112	157.27900000000
11387	112	130.71100000000
11482	239	264.20300000000
11495	233	50.35530000000
11495	94	201.42100000000
11496	233	67.07110000000
11496	94	7.07108000000
11496	235	107.42600000000
11499	53	226.92400000000
11501	106	32.07110000000
11502	106	217.13200000000
11509	100	82.07110000000
11510	100	130.35500000000
11513	190	40.35530000000
11514	190	194.35000000000
11514	184	15.00000000000
11514	154	129.85300000000
11523	112	63.63960000000
11619	239	235.20800000000
11632	235	212.42600000000
11635	53	210.35500000000
11637	106	270.41600000000
11646	100	249.70600000000
11649	190	224.85300000000
11755	239	243.49200000000
11768	235	261.06600000000
11771	53	128.64000000000
11772	106	254.35000000000
11772	53	63.63960000000
11772	166	51.21320000000
11782	100	169.35000000000
11783	100	74.14220000000
11785	190	237.27900000000
11891	239	287.99000000000
11904	235	72.42640000000
11905	235	195.91900000000
11908	166	233.13700000000
11918	100	14.14210000000
11919	100	291.42100000000
11921	190	212.42600000000
12011	130	215.20800000000
12012	130	205.20800000000
12017	118	37.07110000000
12018	118	245.56300000000
12019	118	72.42640000000
12025	124	67.42640000000
12026	239	157.27900000000
12027	239	100.71100000000
12041	235	212.42600000000
12043	166	281.06600000000
12044	166	14.14220000000
12055	100	56.56850000000
12056	100	233.49200000000
12057	190	247.63500000000
12146	130	63.63960000000
12147	130	100.71100000000
12148	130	32.07110000000
12149	130	206.21300000000
12150	130	242.13200000000
12155	118	179.35000000000
12156	204	75.00000000000
12156	118	99.85280000000
12156	208	137.42600000000
12157	208	245.91900000000
12158	208	126.21300000000
12159	208	186.21300000000
12161	124	237.27900000000
12162	239	250.71100000000
12177	235	84.49750000000
12178	235	213.84800000000
12179	166	218.64000000000
12192	190	79.49750000000
12192	100	77.42640000000
12192	195	153.64000000000
12286	130	68.63960000000
12287	130	224.85300000000
12288	46	70.71070000000
12288	130	237.27900000000
12289	172	137.42600000000
12289	46	106.06600000000
12289	130	75.00000000000
12290	172	260.06100000000
12291	204	147.42600000000
12291	172	121.92400000000
12291	30	149.85300000000
12292	204	60.00000000000
12293	208	14.14210000000
12294	208	88.28430000000
12295	208	26.21320000000
12296	208	212.42600000000
12297	239	21.21320000000
12297	124	45.00000000000
12297	240	51.21320000000
12297	208	224.85300000000
12298	239	42.42640000000
12298	185	95.00000000000
12298	240	21.21320000000
12298	208	15.00000000000
12302	6	35.35530000000
12303	6	84.49750000000
12311	136	95.35530000000
12312	136	174.49700000000
12314	235	56.56850000000
12315	191	35.00000000000
12315	235	176.77700000000
12315	166	171.21300000000
12320	22	35.00000000000
12328	195	275.56400000000
12338	142	84.85280000000
12339	142	67.07110000000
12344	14	74.49750000000
12345	14	77.42640000000
12424	46	257.99000000000
12427	30	212.42600000000
12434	185	212.42600000000
12439	6	252.13200000000
12440	6	50.35530000000
12448	136	222.78200000000
12451	191	237.27900000000
12456	22	247.63500000000
12464	195	233.13700000000
12473	142	74.49750000000
12474	142	197.99000000000
12479	14	114.85300000000
12480	14	185.56400000000
12558	46	98.63960000000
12559	46	277.63500000000
12560	46	14.14220000000
12562	30	155.35500000000
12563	30	12.07110000000
12568	38	256.27400000000
12569	38	214.49700000000
12570	196	177.42600000000
12570	185	47.42640000000
12570	38	15.00000000000
12576	6	213.84800000000
12577	6	188.99500000000
12583	136	80.35530000000
12584	136	146.56900000000
12587	191	212.42600000000
12592	22	42.42640000000
12593	22	257.99000000000
12600	195	214.49700000000
12609	142	273.49200000000
12614	14	168.64000000000
12615	14	221.77700000000
12694	46	166.06600000000
12704	38	21.21320000000
12706	196	237.27900000000
12713	6	46.21320000000
12714	6	292.13200000000
12715	6	22.07110000000
12719	136	80.35530000000
12720	136	146.56900000000
12723	191	239.35000000000
12729	22	36.21320000000
12730	22	292.13200000000
12736	195	249.70600000000
12744	142	262.13200000000
12745	142	66.21320000000
12748	14	42.07110000000
12749	14	249.70600000000
12750	14	98.63960000000
12842	196	247.63500000000
12851	209	65.35530000000
12851	196	35.35530000000
12851	6	210.20800000000
12856	136	222.78200000000
12859	191	50.35530000000
12860	191	244.85300000000
12866	22	32.07110000000
12867	22	277.63500000000
12868	22	40.35530000000
12872	195	260.06100000000
12879	142	120.35500000000
12880	142	92.07110000000
12883	14	148.64000000000
12884	14	213.84800000000
12978	196	14.14210000000
12979	196	310.06100000000
12985	196	88.63960000000
12986	196	273.49200000000
12987	209	44.14210000000
12987	196	88.28430000000
12988	209	275.56400000000
12989	209	58.28430000000
12992	136	122.42600000000
12993	136	212.42600000000
12994	136	197.27900000000
12995	191	102.42600000000
12996	191	128.64000000000
13004	22	281.77700000000
13008	195	245.56300000000
13015	142	237.27900000000
13019	14	224.85300000000
13115	196	92.78170000000
13116	196	213.84800000000
13120	196	26.21320000000
13121	196	289.70600000000
13125	209	198.64000000000
13126	209	237.27900000000
13127	209	235.20800000000
13128	209	86.56860000000
13129	209	188.99500000000
13130	209	42.42640000000
13130	136	224.85300000000
13131	201	7.07106000000
13131	191	81.21320000000
13131	54	7.07106000000
13132	191	132.42600000000
13140	22	36.21320000000
13141	22	245.56400000000
13144	195	26.21320000000
13145	195	307.63500000000
13146	195	12.07110000000
13151	142	244.49700000000
13154	14	157.27900000000
13155	14	136.92400000000
13252	196	86.56850000000
13253	196	243.49200000000
13254	196	60.35530000000
13256	196	201.77700000000
13257	196	70.71070000000
13264	209	140.35500000000
13265	209	80.35540000000
13266	209	265.20800000000
13266	136	90.35530000000
13267	201	235.20800000000
13267	136	134.49700000000
13267	54	14.14210000000
13268	54	196.06600000000
13277	22	72.42640000000
13278	22	257.99000000000
13279	22	62.07110000000
13282	195	341.06600000000
13283	195	14.14210000000
13287	142	190.71100000000
13288	142	32.07110000000
13289	14	127.27900000000
13290	14	155.56400000000
13390	196	176.92400000000
13391	196	243.49200000000
13392	196	88.28430000000
13402	209	218.64000000000
13403	205	189.85300000000
13403	201	47.42640000000
13403	136	65.00000000000
13415	22	231.06600000000
13419	195	257.99000000000
13424	142	212.42600000000
13425	14	275.56400000000
13538	209	14.14210000000
13539	213	239.85300000000
13539	209	7.07108000000
13539	205	15.00000000000
13551	22	127.27900000000
13552	22	215.56400000000
13555	195	100.71100000000
13556	195	174.85300000000
13559	161	82.78170000000
13560	161	49.49750000000
13560	142	105.00000000000
13560	143	202.27900000000
13561	143	15.00000000000
13561	62	209.85300000000
13561	14	21.21320000000
13562	62	199.85300000000
13675	213	222.78200000000
13688	22	72.42640000000
13689	22	173.13700000000
13692	195	235.20800000000
13695	161	222.78200000000
13789	70	65.35530000000
13790	70	149.35000000000
13811	213	233.13700000000
13812	213	42.42640000000
13814	77	123.64000000000
13825	22	226.92400000000
13826	167	144.85300000000
13827	167	218.64000000000
13828	167	25.00000000000
13828	195	47.42640000000
13828	161	210.20800000000
13829	161	130.71100000000
13831	161	50.35530000000
13832	161	164.14200000000
13926	70	223.49200000000
13927	70	26.21320000000
13936	137	44.14210000000
13937	137	235.20800000000
13938	137	224.85300000000
13939	137	237.27900000000
13940	137	235.20800000000
13941	137	114.49700000000
13948	213	285.91900000000
13949	77	157.27900000000
13950	77	100.71100000000
13961	22	212.78200000000
13962	167	42.42640000000
13962	22	86.56860000000
13963	167	203.13700000000
13965	161	151.06600000000
13966	161	224.85300000000
13967	161	274.85300000000
13976	83	7.07106000000
14063	70	277.63500000000
14071	137	207.63500000000
14072	137	182.78200000000
14077	137	214.85300000000
14078	137	237.27900000000
14079	137	224.85300000000
14080	137	231.06600000000
14081	137	128.99500000000
14084	217	65.35530000000
14084	213	199.85300000000
14084	77	107.42600000000
14085	77	132.78200000000
14098	167	46.21320000000
14098	22	247.63500000000
14099	167	188.99500000000
14111	83	289.70600000000
14112	83	28.28430000000
14199	70	44.14210000000
14200	70	235.20800000000
14201	125	75.00000000000
14201	107	136.06600000000
14201	70	149.85300000000
14202	125	193.49200000000
14206	137	171.42100000000
14207	137	116.56900000000
14217	137	188.99500000000
14218	137	92.78180000000
14220	217	14.14210000000
14221	217	231.42100000000
14234	167	65.00000000000
14234	22	77.42640000000
14234	173	147.42600000000
14245	83	14.14210000000
14246	83	270.41600000000
14247	83	28.28430000000
14253	89	184.70600000000
14263	95	178.64000000000
14264	95	212.42600000000
14265	95	105.00000000000
14333	107	85.00000000000
14334	107	231.06600000000
14335	107	243.49200000000
14336	107	249.70600000000
14337	107	98.63960000000
14338	125	68.63960000000
14339	125	237.27900000000
14340	125	237.27900000000
14341	137	65.00000000000
14341	125	135.00000000000
14341	119	179.85300000000
14342	137	118.64000000000
14354	137	214.49700000000
14357	217	255.91900000000
14361	101	333.49200000000
14362	101	51.21320000000
14370	173	78.63960000000
14371	173	213.49200000000
14381	83	257.99000000000
14389	89	251.77700000000
14395	113	125.00000000000
14397	95	58.28430000000
14398	95	257.99000000000
14399	95	56.56860000000
14476	119	88.63960000000
14477	119	161.06600000000
14490	137	235.20800000000
14493	217	180.35500000000
14494	217	42.42640000000
14496	101	222.78200000000
14497	101	32.07110000000
14506	173	14.14210000000
14507	173	263.49200000000
14516	83	270.06100000000
14517	83	60.35540000000
14526	89	260.06100000000
14531	113	212.42600000000
14531	95	70.35530000000
14532	95	235.20800000000
14533	95	187.27900000000
14612	119	119.85300000000
14624	144	42.42640000000
14625	144	245.56300000000
14626	149	150.20800000000
14626	144	107.78200000000
14626	137	77.42640000000
14627	149	215.56400000000
14630	217	226.92400000000
14632	101	212.42600000000
14642	173	251.77700000000
14649	83	177.27900000000
14650	83	222.78200000000
14651	83	214.49700000000
14652	83	22.07110000000
14662	89	224.85300000000
14667	131	51.21320000000
14667	113	155.00000000000
14667	95	194.35000000000
14757	144	113.13700000000
14758	144	245.56300000000
14759	144	222.78200000000
14760	144	285.91900000000
14763	149	36.21320000000
14764	149	237.27900000000
14764	78	183.84800000000
14765	155	175.00000000000
14765	149	25.00000000000
14765	78	35.35540000000
14766	221	15.00000000000
14766	217	142.27900000000
14766	155	209.85300000000
14767	221	244.49700000000
14768	221	65.35540000000
14768	101	232.27900000000
14768	225	5.00000000000
14778	173	36.21320000000
14779	173	215.56400000000
14785	83	267.27900000000
14798	89	152.78200000000
14799	89	84.49750000000
14801	179	32.07110000000
14802	7	63.63960000000
14802	131	63.63960000000
14802	179	192.27900000000
14803	7	144.85300000000
14803	131	72.42640000000
14892	144	28.28430000000
14893	144	229.70600000000
14898	78	28.28430000000
14899	78	263.13700000000
14900	78	98.99500000000
14904	225	200.00000000000
14915	173	210.35500000000
14920	83	56.56850000000
14921	83	166.21300000000
14935	179	195.20800000000
14935	89	237.27900000000
14936	179	212.42600000000
14937	179	192.78200000000
14939	7	111.06600000000
14940	7	237.27900000000
14941	7	222.27900000000
15027	15	95.00000000000
15028	144	79.49750000000
15028	23	187.27900000000
15028	15	115.00000000000
15034	78	300.41600000000
15040	225	206.21300000000
15051	173	200.00000000000
15056	83	269.35000000000
15070	192	98.99490000000
15071	192	151.92400000000
15071	179	7.07107000000
15071	89	5.00000000000
15169	78	263.13700000000
15170	78	127.27900000000
15176	225	208.28400000000
15183	39	37.07110000000
15186	173	72.42640000000
15187	173	152.42600000000
15192	83	212.42600000000
15200	31	211.92400000000
15205	197	121.92400000000
15205	192	4.99999000000
15205	55	7.07105000000
15206	192	203.49200000000
15206	55	114.85300000000
15303	78	205.20800000000
15304	78	273.49200000000
15305	78	14.14220000000
15312	225	257.99000000000
15313	225	42.42640000000
15319	39	141.42100000000
15320	39	118.64000000000
15322	173	187.27900000000
15323	173	60.35540000000
15328	83	212.42600000000
15336	31	222.78200000000
15339	202	194.85300000000
15340	202	179.85300000000
15340	197	63.63960000000
15340	47	51.21320000000
15341	197	128.99500000000
15341	47	21.21320000000
15342	55	120.35500000000
15343	55	268.34500000000
15344	55	84.85280000000
15438	78	279.70600000000
15439	78	62.07110000000
15449	225	270.41600000000
15455	39	102.42600000000
15456	39	183.49200000000
15459	173	226.92400000000
15464	83	218.64000000000
15472	31	237.27900000000
15473	202	36.21320000000
15474	202	256.92400000000
15475	202	112.78200000000
15480	55	160.71100000000
15481	55	257.99000000000
15482	55	121.92400000000
15573	78	124.49700000000
15574	78	174.85300000000
15586	225	268.34500000000
15587	225	210.35500000000
15588	225	98.99500000000
15592	39	130.71100000000
15593	39	199.70600000000
15594	173	270.41600000000
15595	173	96.21320000000
15600	83	231.06600000000
15608	202	42.42640000000
15608	31	224.85300000000
15609	202	293.13700000000
15709	78	270.41600000000
15722	162	40.35530000000
15723	162	260.06100000000
15724	218	129.85300000000
15724	225	35.35530000000
15724	162	97.07110000000
15725	218	226.92400000000
15726	218	150.35500000000
15729	186	85.00000000000
15729	173	125.35500000000
15729	39	137.78200000000
15736	83	221.06600000000
15737	83	46.21320000000
15744	206	197.78200000000
15744	202	35.35530000000
15744	31	25.00000000000
15765	63	150.20800000000
15844	78	197.78200000000
15845	78	44.14220000000
15855	96	56.21320000000
15856	96	210.35500000000
15857	162	51.21320000000
15857	102	15.00000000000
15857	96	181.92400000000
15858	162	257.99000000000
15862	218	174.85300000000
15863	218	225.91900000000
15865	186	237.27900000000
15873	83	224.85300000000
15880	206	226.92400000000
15899	150	87.42640000000
15899	71	90.00000000000
15899	63	21.21320000000
15900	63	233.13700000000
15901	63	42.42640000000
15991	96	220.71100000000
15993	102	251.77700000000
15999	218	36.21320000000
16000	218	262.13200000000
16001	222	7.07106000000
16001	218	157.42600000000
16001	186	237.42600000000
16009	83	237.27900000000
16015	206	72.07110000000
16016	206	140.35500000000
16030	84	7.07106000000
16035	150	224.85300000000
16127	96	222.78200000000
16128	102	205.20800000000
16129	102	42.42640000000
16137	222	70.71070000000
16138	222	152.07100000000
16145	83	134.49700000000
16146	83	100.71100000000
16151	206	222.78200000000
16167	84	235.20800000000
16171	150	222.78200000000
16261	96	107.78200000000
16262	96	214.49700000000
16263	102	154.49700000000
16263	96	92.42640000000
16264	102	142.78200000000
16274	222	268.34500000000
16282	83	257.99000000000
16286	210	21.21320000000
16286	206	21.21320000000
16287	206	227.99000000000
16303	84	243.49200000000
16307	150	202.07100000000
16307	90	36.21320000000
16308	90	249.70600000000
16309	90	210.35500000000
16310	90	127.07100000000
16399	102	239.35000000000
16407	114	44.14210000000
16410	222	72.42640000000
16411	222	146.21300000000
16418	83	220.71100000000
16422	210	285.91900000000
16439	84	14.14210000000
16440	84	216.92400000000
16443	156	211.92400000000
16443	150	15.00000000000
16443	90	21.21320000000
16534	102	106.06600000000
16535	102	98.99500000000
16540	114	201.42100000000
16541	114	233.13700000000
16542	114	233.13700000000
16543	114	225.20800000000
16544	114	165.20800000000
16547	222	210.35500000000
16554	83	222.78200000000
16558	210	224.85300000000
16576	84	284.85300000000
16579	156	235.20800000000
16675	114	201.42100000000
16676	114	116.56900000000
16680	114	86.56850000000
16681	114	235.20800000000
16682	180	106.06600000000
16682	126	196.06600000000
16682	114	149.85300000000
16683	226	21.21320000000
16683	222	199.49700000000
16683	180	93.63960000000
16690	83	218.64000000000
16693	210	160.71100000000
16694	210	64.14220000000
16712	84	26.21320000000
16713	84	198.64000000000
16714	156	263.49200000000
16715	156	10.00000000000
16809	114	22.07110000000
16810	114	292.13200000000
16811	114	46.21320000000
16816	126	14.14210000000
16817	126	270.41600000000
16818	126	28.28430000000
16819	226	231.06600000000
16820	226	74.49750000000
16826	83	56.56850000000
16827	83	176.56900000000
16829	210	141.06600000000
16830	210	96.21330000000
16837	108	224.35000000000
16849	84	237.27900000000
16850	168	37.07110000000
16850	156	171.21300000000
16850	120	199.85300000000
16851	120	243.49200000000
16852	120	173.13700000000
16945	114	235.06100000000
16950	126	215.56300000000
16951	126	220.71100000000
16952	126	218.99500000000
16956	226	185.56300000000
16957	226	127.27900000000
16963	83	245.56300000000
16965	210	307.63500000000
16973	108	222.78200000000
16984	174	14.14210000000
16985	168	77.42640000000
16985	84	55.00000000000
16985	174	286.06600000000
16986	168	60.35540000000
16988	120	72.42640000000
16989	120	235.20800000000
16990	120	240.06100000000
17085	126	221.77700000000
17086	126	72.42640000000
17091	138	239.35000000000
17092	138	245.56300000000
17093	226	79.49750000000
17093	138	139.49700000000
17093	229	106.06600000000
17094	229	84.85280000000
17099	83	58.28430000000
17100	210	211.92400000000
17100	83	178.49200000000
17100	214	51.21320000000
17108	108	42.42640000000
17109	108	194.85300000000
17119	174	165.20800000000
17120	174	218.99500000000
17126	120	58.28430000000
17127	120	257.99000000000
17128	120	28.28430000000
17129	120	214.49700000000
17130	120	232.27900000000
17221	126	15.00000000000
17224	138	12.07100000000
17225	138	222.78200000000
17226	138	261.06600000000
17227	138	36.21320000000
17230	229	197.99000000000
17231	229	84.85280000000
17236	214	231.06600000000
17244	108	26.21320000000
17245	108	186.21300000000
17250	132	35.00000000000
17255	174	224.85300000000
17264	120	217.27900000000
17360	138	157.42600000000
17367	229	185.56300000000
17368	229	157.27900000000
17372	214	62.07110000000
17373	214	203.13700000000
17380	108	242.42600000000
17386	132	196.21300000000
17387	132	14.14210000000
17391	174	224.85300000000
17504	229	106.92400000000
17505	229	205.91900000000
17509	214	250.71100000000
17516	108	224.85300000000
17523	132	202.07100000000
17527	174	212.42600000000
17527	8	42.42640000000
17531	8	181.06600000000
17532	8	244.70600000000
17641	229	56.21320000000
17642	229	235.20800000000
17643	229	250.71100000000
17644	229	58.28430000000
17644	214	54.49750000000
17645	214	245.91900000000
17652	108	239.35000000000
17658	132	68.63960000000
17659	132	181.06600000000
17662	24	42.07110000000
17663	24	212.27900000000
17663	174	75.00000000000
17663	8	120.20800000000
17664	8	226.92400000000
17665	8	214.49700000000
17666	8	220.71100000000
17667	8	143.13700000000
17780	48	162.27900000000
17780	229	77.78180000000
17780	214	77.78180000000
17781	48	60.35530000000
17788	108	222.78200000000
17794	132	222.78200000000
17797	24	197.27900000000
17798	24	212.78200000000
17917	48	264.85300000000
17918	48	64.49750000000
17923	108	56.56850000000
17924	108	216.92400000000
17929	32	14.14210000000
17930	32	181.92400000000
17930	24	45.00000000000
17930	132	127.07100000000
17931	24	235.91900000000
17932	24	98.99490000000
17933	24	156.92400000000
18054	48	279.70600000000
18059	108	128.99500000000
18060	108	126.92400000000
18064	40	42.07100000000
18065	40	120.20800000000
18065	32	153.64000000000
18067	24	26.21320000000
18068	24	161.06600000000
18190	48	136.21300000000
18191	48	98.99500000000
18195	108	190.71100000000
18196	108	134.49700000000
18200	40	237.27900000000
18327	48	213.84800000000
18328	48	56.56860000000
18330	108	154.49700000000
18331	108	114.85300000000
18335	40	127.27900000000
18336	40	171.06600000000
18464	48	231.42100000000
18465	48	86.56860000000
18466	108	269.35000000000
18468	40	233.13700000000
18469	40	303.49200000000
18470	40	224.85300000000
18471	40	116.21300000000
18601	48	231.42100000000
18602	56	67.42640000000
18602	48	21.21320000000
18602	108	180.20800000000
18603	40	300.41600000000
18738	64	75.00000000000
18738	56	149.85300000000
18738	40	164.35000000000
18874	64	256.92400000000
19010	72	91.92390000000
19011	72	35.35540000000
19011	64	95.35530000000
19011	16	199.85300000000
19012	16	5.00001000000
