162
Row	Column	Subbasin
34	15	85
36	19	97
37	19	97
34	15	19
35	15	19
36	13	19
36	14	19
36	15	19
37	13	19
37	14	19
36	17	43
36	18	43
36	19	43
37	18	43
37	19	43
38	18	43
39	18	43
40	18	43
44	17	43
36	13	11
37	13	11
42	13	11
41	23	27
41	25	27
42	25	27
44	29	35
42	13	116
43	13	116
43	14	116
44	12	116
44	13	116
44	17	116
45	12	116
47	15	80
48	14	80
48	15	80
48	16	80
49	14	80
49	15	80
49	16	80
49	17	80
50	17	80
51	17	80
44	28	74
44	29	74
45	28	74
45	29	74
46	28	74
46	29	74
47	28	74
47	29	74
47	30	74
47	31	74
48	29	74
48	30	74
50	31	74
50	32	74
51	29	74
51	30	74
51	31	74
39	21	122
40	21	122
41	21	122
41	22	122
41	23	122
41	25	122
42	20	122
42	21	122
42	22	122
42	23	122
42	24	122
42	25	122
43	20	122
43	22	122
43	23	122
43	24	122
43	25	122
44	17	122
44	20	122
44	22	122
44	23	122
44	26	122
45	16	122
45	17	122
45	21	122
45	22	122
45	25	122
45	26	122
46	24	122
46	25	122
47	15	122
47	24	122
48	24	122
49	24	122
48	9	86
48	10	86
48	11	86
49	11	86
49	12	86
50	12	86
51	11	86
51	12	86
52	11	86
52	12	86
55	22	164
56	21	164
56	22	164
57	20	164
57	21	164
57	22	164
58	20	164
58	22	164
50	32	12
52	33	12
52	34	12
53	33	12
53	34	12
54	33	12
54	34	12
54	36	12
55	33	12
55	36	12
56	34	12
57	35	12
53	38	28
53	40	28
54	38	28
54	39	28
54	40	28
55	39	28
56	38	28
56	39	28
59	38	28
59	39	28
59	40	28
59	41	28
60	40	28
59	26	36
59	27	36
60	26	36
60	27	36
60	28	36
61	26	36
61	28	36
63	32	223
61	43	87
62	42	87
62	43	87
63	42	87
63	43	87
64	42	87
65	43	87
63	31	93
63	32	93
64	32	93
64	33	93
64	34	93
64	35	93
65	33	93
65	34	93
65	35	93
65	43	236
